month,new_user,old_user,total_user
September-18,1144,0,1144
October-18,1351,1144,2495
November-18,2666,2495,5161
December-18,460,5161,5621
January-19,325,5621,5946
February-19,251,5946,6197
March-19,338,6197,6535
April-19,240,6535,6775
May-19,206,6775,6981
June-19,178,6981,7159
July-19,168,7159,7327
August-19,61,7327,7388