"Week","Range","new_user","old_user","total_user","misc"
Week 1,23/09/2018 - 29/09/2018,1074,0,1074
Week 2,30/09/2018 - 06/10/2018,479,1074,1553
Week 3,07/10/2018 - 13/10/2018,353,1553,1906
Week 4,14/10/2018 - 20/10/2018,240,1906,2146
Week 5,21/10/2018 - 27/10/2018,163,2146,2309
Week 6,28/10/2018 - 03/11/2018,266,2309,2575
Week 7,04/11/2018 - 10/11/2018,153,2575,2728
Week 8,11/11/2018 - 17/11/2018,418,2728,3146
Week 9,18/11/2018 - 24/11/2018,1773,3146,4919
Week 10,25/11/2018 - 01/12/2018,271,4919,5190
Week 11,02/12/2018 - 08/12/2018,152,5190,5342
Week 12,09/12/2018 - 15/12/2018,88,5342,5430
Week 13,16/12/2018 - 22/12/2018,116,5430,5546



